2.976163450624290385e-02,3.314437929100638031e-02,3.044326599722199767e+00,1.026872540925328897e-01,1.611319565480273108e-01,2.034864259205424464e-01,3.273870917890076698e-02,4.390022675736961894e-02,-2.757570508756441896e+01,2.158542997101825289e+00,-3.501907867563270327e-01,-1.837196686734342277e-02,-1.527311334024555045e-01,3.065202673590227689e-01,-8.165671755979765634e-02,5.278917142498757743e-03,-1.596892071631385301e-01,2.126926728304550929e-01,8.138866610479075780e-02,1.670206425461948363e-01,-1.271550247811893131e-01,1.226541503083720779e-02,9.808822064001571431e-04,1.475381841758194312e-02,1.206624711252519229e-03,5.527139797163261974e-03,2.990916882354816703e-02,1.374688264024718316e-03,1.560940476469960606e-02,3.218181198469974302e-02,7.149856379567044035e-03,8.227741411520320125e-02,6.152544924217379085e-03,3.281265025030610794e-02,1.322600125491935411e-02,3.852885858820247894e-02,1.884806481352753194e-01,3.335373604029063382e-02,4.715880927656401767e-02,2.006209637012397740e-01,1.156200009178982857e-01,2.965847701792410571e-02,5.020210301678535103e+00,1.027537512080818338e+00,1.180151745545939379e+00,4.332065508154543387e-01,5.269350679821734884e-01,3.659510886270800345e-01,4.439600500349419332e-01,3.696948311743102344e-01,3.272117106106535167e-01,2.708515963441265328e-01,2.590602243442060582e-01,2.404125931681478923e-01,2.103867125272786409e-01,1.463591226400520230e-02,1.439815281630678302e-03,1.625285547492321195e-02,1.503063695796308386e-03,4.957358912599681838e-03,3.484997927754628771e-02,2.745147364107209959e-03,3.096017776910615915e-02,3.481273544532128422e-02,1.935070007556172200e-02,6.715194046828817931e-02,1.707850708707613074e-02,1.253066573613199376e-02
2.912599318955732056e-02,4.104143688394207984e-02,3.072673643259934639e+00,1.083957638549861158e-01,1.697167844222632616e-01,1.785712361329208908e-01,1.661136574778523251e-02,4.439909297052153925e-02,-2.627284794670561396e+01,2.142859204158638953e+00,-5.499078229481518809e-01,-7.974570381112566775e-02,-1.213627666833371199e-01,3.250714696672460935e-01,-7.126633894440265182e-02,-2.096404741521914333e-02,-2.103288135772455603e-01,1.965869271535742036e-01,9.554997223580605215e-02,1.407754770332888539e-01,-1.870175139788486651e-01,1.115032940991835843e-02,8.590491955340911643e-04,1.328078259671484213e-02,1.285427547036491853e-03,6.572135672848619485e-03,2.501698774066575537e-02,1.304882739327027381e-03,1.970308429346313492e-02,4.116779568631335345e-02,7.187177016904086092e-03,7.071898742669530114e-02,6.409612295174061704e-03,3.232495776451269759e-02,1.184749536003223969e-02,3.952104291406652314e-02,1.549560826909670563e-01,3.168284405665430792e-02,4.351219021046905805e-02,1.984853744823001920e-01,1.275395133921687282e-02,2.873684255234096319e-02,3.277683774656363180e+00,1.017303422890555531e+00,1.307981539905047175e+00,4.591387268187263060e-01,5.419589814020863150e-01,3.710354369087284776e-01,4.483467759065118963e-01,3.629282380003870934e-01,3.375099531895688343e-01,2.844069317492369242e-01,2.701899505104223276e-01,2.686597815262387057e-01,2.585150031734991805e-01,1.430409717703086218e-02,1.291184531223245639e-03,1.575097512983420628e-02,1.888718104272588778e-03,6.276466229466497529e-03,3.266878417961552317e-02,2.755525275059342478e-03,3.557611836525118032e-02,4.239676022277701073e-02,1.932846347841235893e-02,6.011438294405169191e-02,1.702671140638703853e-02,9.153467716356085762e-03
2.828603859250851393e-02,4.209029274084487987e-02,3.059935320881797871e+00,1.062834050724962981e-01,1.676925688534361691e-01,1.618696589955578025e-01,1.912751798675081660e-02,4.471655328798185974e-02,-2.566584610972426717e+01,2.229728657933460756e+00,-7.087798075964921729e-01,-1.021828363539957762e-01,-7.343608512795837817e-02,3.305811650032300375e-01,-3.682136905026427848e-02,-2.201338005882840301e-02,-2.526668990946342452e-01,1.355798329315466288e-01,9.443282783621480270e-02,1.547149325666189179e-01,-1.939596538304717011e-01,9.407858470612220914e-03,1.135580694420273203e-03,1.395496106384110264e-02,1.196288217218238184e-03,7.850187710995843587e-03,2.197566728703132313e-02,1.254839905190055721e-03,2.035893274009856202e-02,4.445182969195992512e-02,7.173240276357528873e-03,6.757401414729809208e-02,6.350457475363099034e-03,3.203710577038992174e-02,1.194114879699812760e-02,3.866103839966075761e-02,2.019211915126908341e-01,3.323291047133380277e-02,4.469280362542964180e-02,2.028376457999389038e-01,1.462750258783782412e-02,2.870085503796219670e-02,2.339534750089397708e+00,1.105749049004586482e+00,1.334565085709752186e+00,4.527207207344466355e-01,5.928731223406130679e-01,3.775356757697609367e-01,4.744231230797893439e-01,3.631656095020125430e-01,3.610949168057719372e-01,3.579578470519788058e-01,3.030527659470224067e-01,2.858140539775537170e-01,2.577476329227651464e-01,1.327284915290799332e-02,1.787632045581207581e-03,1.575651338451211636e-02,1.896098985215069390e-03,1.014630176719061305e-02,3.097490297180798685e-02,2.773297424737746365e-03,3.553143667769615571e-02,4.253154120033579566e-02,1.932974559145436005e-02,6.120490977514256997e-02,1.703677128900660254e-02,9.560533248221677119e-03
2.835414301929625389e-02,4.706872007984744949e-02,3.065452223755609662e+00,1.028733773888273473e-01,1.635853964801937954e-01,1.416323715730398725e-01,1.887441798927708483e-02,4.553287981859410749e-02,-2.518336563146611695e+01,2.110648688024494568e+00,-1.009812426808494923e+00,-1.632874279516149107e-01,-6.859194624993325551e-02,3.286164867354938179e-01,1.072256596011485381e-02,-7.969755541936457410e-02,-3.529237286252079331e-01,1.684210102178447244e-01,1.197412115147158534e-01,1.505549901532960977e-01,-1.938219080430561292e-01,8.643178178473362450e-03,1.081854621101647042e-03,1.272934664557650968e-02,1.288941266410398127e-03,8.370067533237100441e-03,2.095610446997003135e-02,1.620755185599768175e-03,2.259100227164944144e-02,4.487526785904893956e-02,1.412824975723855382e-02,5.463460427772907219e-02,6.394042803156116221e-03,3.026350906814607652e-02,1.025214824398257632e-02,3.814019017048408955e-02,2.005211392165482109e-01,3.191845772491500727e-02,4.527733146319596474e-02,1.712151596765425776e-01,1.324670709321309689e-02,2.208686622073385841e-02,1.785128608034711961e+00,1.104838260817456952e+00,1.274553722823899005e+00,4.348947180738731988e-01,5.882081609093954278e-01,3.820088753224115674e-01,5.028832343008539096e-01,3.503308933050841567e-01,3.902026476163966695e-01,3.587214980683507970e-01,3.024253343677327788e-01,2.853512341465683777e-01,2.514940321068063755e-01,1.254044625723838534e-02,1.753634074345772386e-03,1.590390028880152296e-02,1.891708336663619700e-03,1.052821933487794841e-02,2.888765203761813061e-02,3.060833144013766407e-03,3.663247201524470753e-02,4.181752850807442939e-02,2.894154237258502252e-02,5.521389612487283272e-02,1.702356514804222176e-02,8.564873219721012843e-03
2.971623155505107722e-02,4.632616724412647741e-02,3.056742685859111575e+00,1.000904554552455167e-01,1.583315555958681453e-01,1.354008044727515458e-01,1.872401911849157219e-02,4.943310657596371172e-02,-2.523164381036824722e+01,1.956207574920118430e+00,-1.317353220450615314e+00,-2.152576470606327452e-01,-2.012781273601380733e-02,3.070290182206972251e-01,1.232112215654441872e-01,-9.672246115768125263e-02,-4.486201295496898278e-01,1.874698310854739647e-01,9.633682065560762731e-02,1.144592483646003911e-01,-1.804315595830716379e-01,8.657621750603253924e-03,1.154415455400562961e-03,1.300481961550467407e-02,1.530279533297577380e-03,9.181404925353256474e-03,2.295254388808738721e-02,2.438928883077751478e-03,2.873640135008914687e-02,4.111015331894465191e-02,1.490836923379769072e-02,4.349388148548346406e-02,6.639413441900266638e-03,2.829206512907028390e-02,9.889326642314283725e-03,3.878136233431731666e-02,2.430609130308622190e-01,3.098166806304797002e-02,4.664052703709464787e-02,1.684710851351551020e-01,1.261973243703291142e-02,2.012910750219695788e-02,1.870159069262355089e+00,1.087978858325959308e+00,1.132663486830419508e+00,4.071744763548261203e-01,6.024889366593914053e-01,3.974264415302979914e-01,4.947934845385372760e-01,3.923640266602662074e-01,3.943284033396645127e-01,3.727754208994218388e-01,3.043835777677896259e-01,2.638048052968091084e-01,2.536493396376962028e-01,1.253701108579685641e-02,1.755801075626770014e-03,1.618968817835062315e-02,1.987015444039330440e-03,1.087175429133854440e-02,2.958613367438688024e-02,4.415435883700745932e-03,3.885504004323215438e-02,4.147955793304841654e-02,2.876795098889467842e-02,4.619654245751222271e-02,1.696544713512000702e-02,7.661767873255491239e-03
3.141884222474460725e-02,4.483576697343392981e-02,3.058903845169905544e+00,9.856399981945193622e-02,1.554152049802384750e-01,1.147120335951621883e-01,2.028888924872936095e-02,5.015873015873015262e-02,-2.528206381730507957e+01,1.781709925709533904e+00,-1.580955422670228927e+00,-1.654163481796560586e-01,7.084672099413447111e-02,3.136322565035103427e-01,2.765331489230721251e-01,-1.045503050780064724e-01,-4.872724574137680675e-01,1.733904860253561997e-01,7.746271844912787363e-02,9.738818463413254078e-02,-1.898635283370054272e-01,8.278049814335408998e-03,1.147197886368023006e-03,1.218840582632695936e-02,2.060899871341030296e-03,9.725102832123366098e-03,2.596676406875893239e-02,3.023821759879532448e-03,3.256738828665464019e-02,3.853811395984835242e-02,1.607085968866423659e-02,3.589659558684629714e-02,6.688469263151256700e-03,2.731274279989900564e-02,1.047579017447899420e-02,3.924627974833523603e-02,2.434008974657009550e-01,2.987925083038583257e-02,4.673157814002053961e-02,1.503706300311216937e-01,1.209993628805203225e-02,1.919090904218280838e-02,1.843081069136827566e+00,1.136798842324008962e+00,9.558264776004646857e-01,4.183140435708134763e-01,5.248919663209026254e-01,4.028347996472133041e-01,4.950199287093532963e-01,3.914714991577095127e-01,3.841081931454107257e-01,3.802931901953886529e-01,3.057707579346829463e-01,2.628867124772180097e-01,2.557498769847136311e-01,1.260904597329863021e-02,1.701386853905106173e-03,1.633139091263685269e-02,3.433481258464230433e-03,1.112973932532676340e-02,3.161710253732296499e-02,5.306465637682779637e-03,3.826579962246368094e-02,4.089998591922539006e-02,2.870674866634184350e-02,4.293590431353475761e-02,1.695079037938817049e-02,8.024165228753444776e-03
3.257661748013621072e-02,3.981038924013355351e-02,3.054003117608128814e+00,9.955223973245903857e-02,1.549145223253404757e-01,9.924629053731701123e-02,2.098372005249599451e-02,5.183673469387756194e-02,-2.554279900951269155e+01,1.772611974423068393e+00,-1.689894803630307418e+00,-7.439444501542633037e-02,1.040785139754019234e-01,2.676349194563454881e-01,3.711413192109254133e-01,-1.429189107408378179e-01,-5.023451952269570864e-01,1.574526190679776394e-01,7.968804892954783892e-02,1.177364804025869544e-01,-1.769896154815945866e-01,7.074132630264200541e-03,1.162154031311431190e-03,9.495736809961572919e-03,2.496659477625604029e-03,9.800559359236751811e-03,2.691658352042701485e-02,2.984473619473009855e-03,3.399370579852481478e-02,3.886265751865459334e-02,1.610992854635000596e-02,3.584893278842343767e-02,6.672891249530282093e-03,2.747055150148444702e-02,1.777287781113590440e-02,3.492691573167801961e-02,2.420202041966005024e-01,3.302972632224924349e-02,4.794217372406231470e-02,1.529780048156848815e-01,1.168464667430589056e-02,3.300082510728997998e-02,1.879167737297720908e+00,1.173330694456800938e+00,8.517951911667539511e-01,4.013467114002510772e-01,5.074482758371382518e-01,3.559558355719288358e-01,4.583708422698503093e-01,3.909170169452233501e-01,3.872019801707746178e-01,3.786823353239092693e-01,3.094292728574346563e-01,2.759042232614684065e-01,2.721558239725325734e-01,1.199357578679746683e-02,1.710071367793296977e-03,9.375154200997069809e-03,3.980000794101586602e-03,1.123768842810323777e-02,3.331035194693420659e-02,5.309817314677316852e-03,3.925197093727032793e-02,4.071338326420079201e-02,2.868608420395292458e-02,4.304122563638063115e-02,1.695305815627203699e-02,8.038456514040170919e-03
4.676503972758230127e-02,3.888912255766761167e-02,3.055485877278055096e+00,1.139075763597955648e-01,1.596724155544666235e-01,2.207487226303213035e-01,2.083862362530935347e-02,7.297052154195010631e-02,-2.592471367371357616e+01,1.634106162782653415e+00,-1.615603082505778998e+00,-3.614227504254576701e-02,1.269496582677797913e-01,2.768604325144815581e-01,3.361589475587148934e-01,-1.239256363596623334e-01,-4.718275050886183153e-01,1.493400071958485564e-01,9.492527941448095086e-02,1.126968066482709890e-01,-1.679428936794431226e-01,4.186127140803849907e-03,1.216624705394257462e-03,8.944266615129307929e-03,2.840288373671982520e-03,9.333024282683691220e-03,2.339369282633350228e-02,3.110337107531527430e-03,3.263601616469236771e-02,4.022051118551590865e-02,1.625528486098356748e-02,3.402677976099408724e-02,6.634041184920358783e-03,2.674838880121599427e-02,5.563945959794024121e-02,3.556580260691763473e-02,2.621369459439337191e-01,5.434072004144201856e-02,4.385316760789859103e-02,4.627273984214667624e-01,1.196183850579315283e-02,8.858141322819632069e-02,2.428476370754399483e+00,1.119594044919363984e+00,9.773106903750855556e-01,4.276541178076712080e-01,4.958220292580226007e-01,3.591393421188482371e-01,4.885020606762453532e-01,4.003787963009741713e-01,3.762165062852642072e-01,3.748019982939608807e-01,3.164750915393497732e-01,2.943613112558904898e-01,2.759343227759882278e-01,4.093999562695084179e-03,1.696968269589568422e-03,1.010889416779521197e-02,4.491147652074423992e-03,1.141736753483524151e-02,3.069096246946089249e-02,5.287593844556664341e-03,3.991161352190188832e-02,4.281344839987088341e-02,2.864196215296006820e-02,4.397321574434586572e-02,1.696550681319395140e-02,9.748914723648260255e-03
5.123723041997729766e-02,3.805264034643444926e-02,3.057490976339845457e+00,1.122123061567615321e-01,1.502487118994176862e-01,2.973392057890833495e-01,2.046224485648468969e-02,8.163265306122449716e-02,-2.591206712186575345e+01,1.368851516178635652e+00,-1.543870876847678097e+00,-7.280848119167679378e-02,1.092198773895022290e-01,3.309259399354212428e-01,3.758332552593797726e-01,-8.257412790058517305e-02,-5.337488717083109790e-01,1.037756102996893609e-01,4.093452982837146592e-02,1.615376055378043019e-01,-1.362860122761145043e-01,4.149023356643832469e-03,1.272409945005459255e-03,8.087483588964959613e-03,2.738234680378091087e-03,9.969244381452352713e-03,2.736711623659501477e-02,3.815699259409849158e-03,3.285507700477737630e-02,3.965229817635390619e-02,1.561894636851294052e-02,2.308393032743010290e-02,6.761985730840811351e-03,2.532720172792444699e-02,5.513281784052007084e-02,3.605885713399561293e-02,2.628154620152657883e-01,5.427263510928341528e-02,4.594993345204693991e-02,4.926729048900412300e-01,1.183971236346375265e-02,8.757767693234398687e-02,2.427359371860980275e+00,9.882263623286634546e-01,1.122470399707599542e+00,4.283850093176287954e-01,5.139957147126531511e-01,3.593102362792446325e-01,4.571456271011247741e-01,4.106555958885622637e-01,3.484535243205215127e-01,3.676655460681372278e-01,3.135162180665571618e-01,3.259639861745754486e-01,2.978777029007145249e-01,3.987488156795473276e-03,1.676671557279133451e-03,9.882091017238628025e-03,4.480764621785079081e-03,1.165628389733725304e-02,3.324564706629602046e-02,5.560862393605152561e-03,3.974823233452678961e-02,4.446800368205956755e-02,2.874430423624722147e-02,3.086903182676860660e-02,1.692990177638504720e-02,9.511598622023562447e-03
5.380249716231554763e-02,3.200919133620975382e-02,3.050605966237005973e+00,1.128247130197164161e-01,1.498532341212557295e-01,3.475094043130057542e-01,1.983626018641006933e-02,8.671201814058956958e-02,-2.664211450424279448e+01,1.353997123142215431e+00,-1.380225348376820094e+00,-2.682512009311292106e-02,1.480260787802011591e-01,2.938905982058698241e-01,3.822060726720515333e-01,-7.194014464519457586e-02,-5.709292416848059659e-01,9.485856245264123743e-02,1.905575745979078833e-02,1.809957648944330866e-01,-7.226347568811072875e-02,4.691815842453156069e-03,1.210686487751790876e-03,7.382242978695170710e-03,3.193176249681537425e-03,9.616096608807609553e-03,3.234278517017816212e-02,4.117310161648049006e-03,3.048153989476528811e-02,3.372560744532222821e-02,1.425015262957481967e-02,2.712642381058341656e-02,6.214343364043749783e-03,2.484151686455423474e-02,5.506359781347693744e-02,3.603323565147278917e-02,2.608012016635524177e-01,5.470336150675741971e-02,4.505516670416057773e-02,5.041131782659572513e-01,1.176849772178998818e-02,8.693128758132656619e-02,2.740329033058563013e+00,9.934839312518726206e-01,1.295521918267923400e+00,4.128624188381751492e-01,4.402350252430582422e-01,3.515712870749835850e-01,4.462236265772141497e-01,4.008303025634102346e-01,3.338367173820853684e-01,3.513831624417293464e-01,3.332175715076622913e-01,3.344789075660192790e-01,3.010001030285930357e-01,5.566811158112717865e-03,1.636718565061994054e-03,8.029461921538100927e-03,5.803222597396536127e-03,1.173730047311543484e-02,3.385472922854070033e-02,5.927102348039314447e-03,3.993343758383860465e-02,4.110740874998566885e-02,2.593179833180679281e-02,3.393442190672806696e-02,1.685453183544440361e-02,9.469260783300847972e-03
5.489216799091940074e-02,2.350542959791101019e-02,3.027548522861317259e+00,1.137691399045049345e-01,1.508064212083004008e-01,3.893381040890285250e-01,1.950804200919370457e-02,8.893424036281177836e-02,-2.687176144503288100e+01,1.466292672821728260e+00,-1.135019437593816072e+00,-6.622455551007352947e-02,6.655922851230038073e-02,2.661036012704495191e-01,3.805803058603301481e-01,1.061821452337069656e-02,-5.955640282907913585e-01,6.396449808444257257e-02,2.479739130216632170e-02,1.911936196541683952e-01,-4.979114808888906313e-02,4.064943132982429437e-03,1.101531575391589621e-03,9.027779417638142484e-03,3.357652460050584032e-03,9.353810069528102622e-03,3.484891412102249231e-02,4.138929224407335988e-03,3.042315087250050537e-02,3.906028345425175546e-02,1.213173530405460727e-02,2.520817616825386451e-02,2.078298752404685555e-03,2.477499623165707252e-02,5.499137148576411366e-02,2.823776052432751607e-02,2.792285377467628171e-01,5.440674067371063793e-02,4.457505199406997659e-02,5.064492979534359618e-01,1.161640718716606437e-02,8.684811992680897819e-02,2.622000624667060187e+00,9.501704419227933185e-01,1.263342034105180867e+00,4.111251358982837556e-01,4.677466117690256553e-01,3.509660884330141895e-01,4.637926558622463280e-01,3.757995816705739234e-01,3.202093081095959692e-01,3.414296416460295691e-01,3.291691383550751637e-01,3.326721940450489412e-01,3.057748860918267364e-01,4.641286924752946637e-03,1.401759831547046749e-03,1.021737270368006274e-02,5.817430979118366416e-03,1.147097745770457589e-02,3.327960809647046575e-02,5.744500763857855914e-03,4.012914080016789786e-02,4.312073331552333105e-02,2.371269362681755269e-02,3.091068239350087260e-02,1.936199015278537760e-03,9.409956904842926850e-03
5.620885357548240091e-02,1.645316219510520317e-02,3.014199911331036930e+00,1.107097309671943169e-01,1.457428787204917975e-01,4.289272424667822103e-01,1.959854399328350705e-02,9.242630385487529687e-02,-2.703360776988385084e+01,1.502305548623256160e+00,-8.735332525313002083e-01,-3.411926979581703795e-02,-4.753435790776390502e-02,2.807478824261017691e-01,3.290041111844428379e-01,9.734237793087470447e-03,-5.569405462004385354e-01,7.793970169503615375e-02,8.616805751426632673e-03,2.422196853717934750e-01,2.057230208938817112e-02,4.684280861870891363e-03,1.438944394944629028e-03,1.123490610967362718e-02,3.147120778711653532e-03,9.780165758554290947e-03,3.724715241409062849e-02,4.194254053507213108e-03,2.612490133645687523e-02,3.238837142194299357e-02,1.201592124687950007e-02,2.976782952411353295e-02,2.213696990178521881e-03,2.336743215296390244e-02,5.464139071208527071e-02,2.062796181022900910e-02,2.732875462411736844e-01,5.431362627911998087e-02,4.040373312292661750e-02,4.983256985269747807e-01,1.155663634982847729e-02,8.639730743566731430e-02,2.528458000408567052e+00,9.553381003742094091e-01,1.280080408448240226e+00,4.007055399696564102e-01,5.227786357898034364e-01,3.638276066654835272e-01,4.946716724053222825e-01,3.697688466972412491e-01,3.511837455573678102e-01,3.395309588180553950e-01,3.150470301817627217e-01,3.202988961529316114e-01,2.396922356434347257e-01,5.905195388852665581e-03,2.145246455651346040e-03,1.326903112138675539e-02,5.751694711321540636e-03,1.221802408060799171e-02,3.327625947990262012e-02,5.713214130617603852e-03,3.738905835003553113e-02,3.509940685895968082e-02,2.375798361201800907e-02,3.141061787869033756e-02,2.173489920307550890e-03,8.889007504974589038e-03
6.905788876276958144e-02,1.644981341810644593e-02,3.035472251860602988e+00,1.217325250607152881e-01,1.458833467303012610e-01,5.418046947429306925e-01,1.716559370375723634e-02,1.123356009070294870e-01,-2.708379514354530215e+01,1.344595489717739234e+00,-7.922006115082281807e-01,-7.206653282670223704e-02,-1.410444276990905355e-01,3.568236117108536942e-01,3.468542475327877628e-01,1.996502553944691505e-02,-5.094390652000028163e-01,1.078807724718486988e-01,-8.213347502497978306e-03,2.415060206064578718e-01,1.453338166508263453e-02,4.920806724439804811e-03,1.363597652766906313e-03,1.030433598070501500e-02,3.153545003235804639e-03,9.050932403449570007e-03,3.794721551022643691e-02,4.230433677294139633e-03,2.583746167467024929e-02,2.861374834726087418e-02,1.221100319720300718e-02,2.762240493398638794e-02,2.392534857344003497e-03,2.254662069784843514e-02,6.846042408205385565e-02,2.076455905352496759e-02,2.447986490687202588e-01,6.431911606505211210e-02,4.058567425367178710e-02,5.863497308265598340e-01,9.314022394821659667e-03,1.073769389806338154e-01,2.599760208698127517e+00,7.398432128491364557e-01,1.254427945534918099e+00,4.213435741665050305e-01,4.568708115823735816e-01,4.326997782111956514e-01,4.909795234494100380e-01,3.760157968334661427e-01,3.710509908514244004e-01,2.874845039370187982e-01,2.780540128928095656e-01,3.081444316501587011e-01,2.469494738441929960e-01,5.998704479196235312e-03,2.005784313413541253e-03,1.314576392342719537e-02,5.753497025731908569e-03,1.055757618555097817e-02,3.381576332455750455e-02,5.688743068832666575e-03,3.734642958683488667e-02,3.405407927357777947e-02,2.373801615219747058e-02,3.085415661964175174e-02,2.210377380721150267e-03,9.573670135875223669e-03
6.962542565266742478e-02,1.134029291099903497e-02,3.039522749016495773e+00,1.241093972538880874e-01,1.495298253580214509e-01,5.640570280649847001e-01,1.600395291371590339e-02,1.132426303854875416e-01,-2.735545422460174336e+01,1.458490103699086271e+00,-5.557957438342607803e-01,-2.316011087598146209e-02,-2.105039516784422970e-01,3.701981198408125229e-01,2.617451266268498999e-01,5.771272567645950591e-02,-4.544129854457664708e-01,1.076939630604419884e-01,-3.373199289501072756e-02,2.624716796862427981e-01,3.521768851317644278e-02,5.226801082883846157e-03,1.359989906459518807e-03,1.233206418414955347e-02,3.102873501274500123e-03,9.777695025410990462e-03,3.678116969815928977e-02,3.887756427527132210e-03,2.381320393770505750e-02,3.025804018862042130e-02,5.448425749479418427e-03,3.623153378193830904e-02,2.579602447346475685e-03,2.281852072324313391e-02,6.963161332476415499e-02,1.275472854361992155e-02,2.463295071883694620e-01,6.427978092920261233e-02,4.073594477372336625e-02,5.808163635443444051e-01,8.443790247506983287e-03,1.097059653379619387e-01,2.482935273743554827e+00,8.438011130994620412e-01,1.204412719873684701e+00,4.253661326462899739e-01,4.517249998288018209e-01,4.341996062314936178e-01,5.232733478829818541e-01,3.597016283372005407e-01,3.560333035693765136e-01,3.012616169999057236e-01,2.577320203853746827e-01,2.997091617068212699e-01,2.463407640074257443e-01,5.941725805773370034e-03,2.008491094987551514e-03,1.453470891986758697e-02,5.772554242628481595e-03,1.205512087549092878e-02,3.338792802705860263e-02,5.695291172201561065e-03,3.634391878891393007e-02,3.461206255369941864e-02,8.656830017695670357e-03,3.667872779724565963e-02,2.400058849969374016e-03,9.856255915046100921e-03
6.828603859250850783e-02,9.676125289510879510e-03,3.069384967898572736e+00,1.269316175773832212e-01,1.541007013212257748e-01,5.843126784196469581e-01,1.563709766563339473e-02,1.136507936507936412e-01,-2.731314176046696929e+01,1.462057610482661918e+00,-3.704806200892211132e-01,-4.057614769443117914e-02,-3.149011948731695876e-01,4.070555494260705842e-01,2.368719947346400179e-01,5.753974454677177747e-02,-4.100259785330704343e-01,8.684836498509194980e-02,-6.382353506939086873e-02,2.878249209421142596e-01,2.699889596068558162e-02,5.351287107035116591e-03,1.356899391354962061e-03,1.741250120174022559e-02,2.892810735259997851e-03,1.168664254918862222e-02,3.968673416697252043e-02,3.137191384214933418e-03,1.848323999373854484e-02,2.946206290548443463e-02,5.029698091068878982e-03,3.519160049738169482e-02,2.397063844799666912e-03,2.356756434739953540e-02,7.029373996201587760e-02,1.000784926333096216e-02,1.990584530255642970e-01,6.270335158726618452e-02,3.958844960217103998e-02,5.672379824689103289e-01,8.740235145521912941e-03,1.095504631821451746e-01,2.439546471904145530e+00,8.082923278093967490e-01,1.083977674949989645e+00,4.445070087394483171e-01,4.402912355351092377e-01,4.187560474961924406e-01,5.183427933793384179e-01,3.208918812813243426e-01,3.294327712098092387e-01,2.702805237304430341e-01,2.803696857680024745e-01,2.930760809067975980e-01,2.530331605243392734e-01,5.980868154008497223e-03,1.990175819510249435e-03,2.686697515904587497e-02,5.792271446407288617e-03,1.523991419270703633e-02,3.590628459001807271e-02,4.935429778445496289e-03,3.273556828187149798e-02,3.493967771238403602e-02,8.278602066632811604e-03,3.578193502971492579e-02,2.358298321669026910e-03,1.012449835097533300e-02
6.901248581157774786e-02,8.665469965935248750e-03,3.071890734193166494e+00,1.258404075010337853e-01,1.519602034531107593e-01,6.205639529902556850e-01,1.455313479633475390e-02,1.165079365079365048e-01,-2.736142511546329814e+01,1.507184210604354480e+00,-1.945868324079876033e-01,-1.601931399550778623e-01,-3.735834864831134028e-01,4.798761479847384881e-01,1.295806021748887871e-01,7.529467088062329061e-02,-4.036981814962373183e-01,4.093868749318532035e-02,-7.203999241781897100e-02,2.929014555992985880e-01,3.086570625138832305e-02,5.605549565164366296e-03,1.501841773794355701e-03,1.834659807994904260e-02,2.393517302737293954e-03,1.265366514445335870e-02,4.286202575243084484e-02,2.857443795800191245e-03,1.641469514527736304e-02,2.656415376812358911e-02,4.196157303754026978e-03,3.567254199184405339e-02,2.332174134408132853e-03,2.377492520914636920e-02,7.016812749242341829e-02,8.791393579001539199e-03,2.021168817795453154e-01,6.244148628204781309e-02,3.826984461761426259e-02,5.529845313962761244e-01,8.324980828482113696e-03,1.089388188396291507e-01,2.394270980402402493e+00,7.969547088721968819e-01,9.275544100259143221e-01,5.369439704537070090e-01,4.346290160503023525e-01,4.435869418196679570e-01,4.619976037141731440e-01,3.122623531660373986e-01,3.133578090140872741e-01,2.773919005555250950e-01,2.769648323011235647e-01,2.832352373216273089e-01,2.423149290487151553e-01,6.190832281772209143e-03,2.374800010118295352e-03,2.659684293358129462e-02,5.144221862651192703e-03,1.684634257318822284e-02,3.603715238148068323e-02,3.985940934399830396e-03,3.199633891314895145e-02,3.476186158912091678e-02,6.822243803986831508e-03,3.576855344643657675e-02,2.357543417111610581e-03,9.966878231463813589e-03
6.699205448354142445e-02,1.075582248051927710e-02,3.065481385411990445e+00,1.233273496268476044e-01,1.509198597823387666e-01,6.138699414772997853e-01,1.433472643415567571e-02,1.121995464852607732e-01,-2.716424148948112460e+01,1.514760545404504555e+00,-1.341042147765154624e-01,-2.164395418475702493e-01,-3.761909222283392196e-01,5.246490410694176765e-01,7.558486256486193766e-02,8.501066170625833085e-02,-3.728803862880458730e-01,8.132151839965587325e-02,-7.151392649919427469e-02,3.068359970650105795e-01,2.971913540670804207e-03,5.594756350090253003e-03,1.552166124286765781e-03,1.848257045547481436e-02,1.811955350468818322e-03,1.294359035231620360e-02,4.151554051452868710e-02,2.453725510612805860e-03,1.399653464854933027e-02,3.044378152380832273e-02,5.046128112045605851e-03,3.614727983007178652e-02,2.598905316999024998e-03,2.338961321398346296e-02,6.955047858751128853e-02,1.405885158690828481e-02,1.983232766074568554e-01,6.190537085127532230e-02,3.713326088010689835e-02,5.419925727029515361e-01,8.394897060832698377e-03,1.073472740731672287e-01,2.528602275123972287e+00,7.557836172082547099e-01,8.325584406136513627e-01,5.166187636372804315e-01,4.199224081480588677e-01,4.586859529457671392e-01,4.031631206574543547e-01,2.898644973752899645e-01,3.115630797554355125e-01,2.947025007755795234e-01,2.779467267424102772e-01,2.898641458285363681e-01,2.514994823139060642e-01,6.200618155147215142e-03,2.355043708918643647e-03,2.665760639499420437e-02,4.722396203009304044e-03,1.720129322382418433e-02,3.552624674660334603e-02,3.711022940234214723e-03,2.541176420275590223e-02,3.566062111024929926e-02,7.817156517172697480e-03,3.566406624310031886e-02,2.548854070538686574e-03,9.688256768358978130e-03
5.500567536889897774e-02,1.106625067525552307e-02,3.074274879951498729e+00,1.147092125798734735e-01,1.520736471723993510e-01,5.402642034542549654e-01,1.464316751207989792e-02,9.487528344671200542e-02,-2.688831917437096664e+01,1.562413073195578539e+00,-6.471457953077763836e-02,-2.755247294897895660e-01,-3.748073466589175728e-01,5.499340013093437785e-01,2.574313538462279227e-02,8.056994479080480109e-02,-3.813677487035176394e-01,1.389252656589924084e-01,-8.009653128932793520e-02,3.272135734698730647e-01,3.565188536431092205e-03,5.405755358961494145e-03,1.653146720213029925e-03,1.908028203680749157e-02,1.381990088897127548e-03,1.312889949710924903e-02,4.242070234103684223e-02,2.335959953869664544e-03,1.511401143284219449e-02,3.211260160846522715e-02,5.173180603488967445e-03,3.861972122839180122e-02,2.731781470966565192e-03,2.441469785194606487e-02,5.075402666257567558e-02,1.389589450711284369e-02,1.730162979196583628e-01,4.618925567671516852e-02,3.946847777358863246e-02,4.280475310637879560e-01,7.798748055815482756e-03,7.884554279329232529e-02,2.230269613779268134e+00,7.348990620575911459e-01,8.687455749764220192e-01,4.806736212199012037e-01,4.206201691106344898e-01,4.433081545071623220e-01,4.169696840074179067e-01,3.029117104638240354e-01,3.178135288720163598e-01,3.515370591256001265e-01,2.661983990864187910e-01,2.712709605575027161e-01,2.557213885202148096e-01,6.145289468296872594e-03,2.409782597396613584e-03,2.662949607377803826e-02,4.134858388917686187e-03,1.709139344351394765e-02,3.534216870867679106e-02,3.716884188680814188e-03,2.687886273951161850e-02,3.528137125236630728e-02,7.863497822185724559e-03,3.593790124671406710e-02,2.598145047814091717e-03,8.581842092362323635e-03
5.471055618615210114e-02,1.288840140966392850e-02,3.085455370956791121e+00,1.170619397073194845e-01,1.570043058551884585e-01,5.187796076452302341e-01,1.496061636547876481e-02,9.160997732426302831e-02,-2.685798180485973319e+01,1.550689072326993934e+00,-1.646642918689572299e-01,-3.105486241043304285e-01,-3.846384631668439691e-01,6.041583734772144609e-01,2.446226451545407965e-02,8.078858572422005502e-02,-3.693515939241081569e-01,1.388819624629591132e-01,-6.645540548662787206e-02,2.711339969084602952e-01,-4.706032473918735082e-02,5.783039447139365699e-03,1.691952083133805218e-03,2.135370688295089303e-02,1.521880274033807559e-03,1.229452850177159551e-02,3.907993763228218009e-02,1.843024168145222753e-03,2.398247801344400784e-02,2.759243197309259668e-02,5.040521427020994150e-03,3.784502447606925141e-02,2.671872131564502831e-03,2.508544606324940307e-02,5.088828313389741342e-02,1.663340985866084906e-02,1.777224574095990772e-01,4.573767891500955113e-02,3.523420665465747809e-02,4.361568423307111697e-01,8.086431348379739814e-03,7.989071159675210920e-02,2.226790504660577596e+00,7.579538153791575139e-01,8.675742111732300810e-01,4.807094051769069121e-01,4.064086683957003343e-01,4.505630506693771298e-01,4.294974128333365893e-01,2.995729637287056768e-01,3.050268307866569328e-01,3.585314972024157276e-01,2.742936546480633231e-01,2.751874886049273661e-01,2.632938518297505137e-01,6.549319791768253886e-03,2.411871122423716891e-03,2.725316232576173101e-02,4.185915719523983052e-03,1.713960175930084873e-02,3.429052854359759123e-02,3.103839800837383985e-03,4.248549562995384415e-02,3.085956429088023562e-02,7.913627759680061380e-03,3.653567108722277634e-02,2.617058544107023991e-03,9.385976242838770661e-03
5.200908059023835739e-02,1.512688378355402097e-02,3.095525614220723032e+00,1.170574284241174406e-01,1.592419021915287558e-01,4.643372583350858229e-01,1.560853218721390892e-02,8.616780045351475625e-02,-2.631314938972608175e+01,1.610937101900863144e+00,-3.770636313666186901e-01,-3.905054798520143922e-01,-3.923832173956314229e-01,5.818326628875749584e-01,9.798577838196770307e-02,1.219004065702395390e-01,-3.682382392277352978e-01,1.473894364752749153e-01,-4.003706431506798280e-02,2.499158742052458582e-01,-8.534016898692994846e-02,5.334853488524388988e-03,1.761224442069229132e-03,2.127415976006134107e-02,1.071411860365563493e-03,1.508717757510488061e-02,4.134736610962508330e-02,1.830404894297394704e-03,2.572010061502478032e-02,2.693488954304877267e-02,5.822975818226691462e-03,3.365512735076024026e-02,2.376835195673605676e-03,2.528854267575361345e-02,5.107715473509814169e-02,1.693702470140746527e-02,1.751217642497980287e-01,4.591614682636824957e-02,3.791461977723042248e-02,4.456719121928172656e-01,8.167445712370763680e-03,8.092665228823429924e-02,1.756360624312442109e+00,7.561213396574757439e-01,8.863665952098168654e-01,4.455794716578805881e-01,4.019393717146944600e-01,4.508921536441621858e-01,4.785001544961984266e-01,3.307162732205626843e-01,3.016319810730406226e-01,3.599767544259838692e-01,2.576659283866007955e-01,2.720736148494453110e-01,2.496825430300652904e-01,5.598785834805976303e-03,2.437487752388779651e-03,2.729830929497951281e-02,1.552510257076176537e-03,1.867035047072552328e-02,3.693058415195554084e-02,2.951171740455865288e-03,4.259992171872004074e-02,3.116130536104296661e-02,8.517549797046367402e-03,3.536251081358983417e-02,2.408547640201150804e-03,9.439623694300529680e-03
5.010215664018160403e-02,1.501482288763337711e-02,3.114669911251036538e+00,1.170232238480907738e-01,1.608121531288698725e-01,4.360198177336831460e-01,1.552829972198724665e-02,8.362811791383220617e-02,-2.631806759362477877e+01,1.647660337492098392e+00,-3.950732206302616789e-01,-3.542234824919385794e-01,-3.759468780224369810e-01,5.645717136553730642e-01,1.055894435012660754e-01,1.089609627520531088e-01,-3.442397973026786184e-01,1.665085398088377300e-01,1.139954315251453729e-02,2.622015314124187535e-01,-9.019937199777629255e-02,5.439160893000666644e-03,1.760873178981797087e-03,2.027625407721286160e-02,1.023068664716170369e-03,1.785974617187131505e-02,3.936071721865008061e-02,2.539400305062750485e-03,2.408307375371452827e-02,2.329723168889386367e-02,7.121215737458734887e-03,3.832224284627146899e-02,2.269112877928737733e-03,2.568803467563013018e-02,5.143625877379816996e-02,1.701827570999976669e-02,1.337483602710547448e-01,4.608692101313160289e-02,3.711789376880775260e-02,4.427235639050000615e-01,8.717409677199864509e-03,8.104809600942548820e-02,1.730101803029211904e+00,7.216994743391713651e-01,9.204609787629740580e-01,4.989732790364861392e-01,3.990989794820072323e-01,4.816971470434569524e-01,4.767170356909479212e-01,3.282847894430014901e-01,2.865002624358282124e-01,3.561852065604177997e-01,2.738517979122841450e-01,2.602339524294619566e-01,2.359887373453796178e-01,5.537876780071739578e-03,2.434007768770018315e-03,2.705787749283610627e-02,1.251065844558522499e-03,2.156951004067664962e-02,3.744288578253412297e-02,5.377092214784703894e-03,4.267358483201812852e-02,2.756105325504756842e-02,1.008983009162225768e-02,4.008462586859947580e-02,2.419382333532041698e-03,9.627714323941539282e-03
5.032917139614076496e-02,1.435699381491964063e-02,3.124069818809803500e+00,1.177043723890417171e-01,1.578519875266102268e-01,4.558347651750110918e-01,1.505737303660009511e-02,8.580498866213151499e-02,-2.659676271447962392e+01,1.632857539638577826e+00,-3.615702231198216210e-01,-3.961961853194525540e-01,-2.598693599034648249e-01,5.155849719675931198e-01,8.407225460138618989e-02,1.238543983387225267e-01,-3.864932342851456482e-01,1.328995369606539856e-01,1.795580354187768443e-02,2.496053444411134303e-01,-1.152033930638336340e-01,5.035582765212935803e-03,1.702037823274108385e-03,3.017136437697552631e-02,1.073882420771377121e-03,1.609186000621429941e-02,3.769543971888883460e-02,2.592587720081668268e-03,2.403278818031150468e-02,2.079136606652778191e-02,6.998965306390683878e-03,3.733312522567125424e-02,1.868021038117808914e-03,2.750565735009177781e-02,5.136587490198248063e-02,1.731301140269522754e-02,1.369787357680419537e-01,4.566575863239863420e-02,3.861388901265411233e-02,4.473544261672890432e-01,8.863127622028134020e-03,8.243915035867224739e-02,1.836371969703358253e+00,7.220580875833847445e-01,9.483881170938941452e-01,4.702141559270434645e-01,4.507979808216773798e-01,5.065115277272354000e-01,4.941126531864121207e-01,3.307708641917535553e-01,2.839098370015010753e-01,3.766857356773717913e-01,2.810105495556090016e-01,2.474192273451991664e-01,2.327698652828267822e-01,4.475691100580846994e-03,2.013142230781760338e-03,4.434034863093658241e-02,1.267554985020159786e-03,2.165875943448751853e-02,3.704378707037659507e-02,5.370897222885934880e-03,4.268960802595252180e-02,2.696001086158536508e-02,1.014566936861116889e-02,4.147714350566999997e-02,2.093586435992330491e-03,1.033288972722929723e-02
3.698070374574347757e-02,1.336451893302813970e-02,3.126781736468922102e+00,1.099049853454121123e-01,1.603400390974556722e-01,3.596558213259896108e-01,1.570355834303828121e-02,6.367346938775508836e-02,-2.702099139230746516e+01,1.694127837907050793e+00,-2.177008408668545392e-01,-3.496261491961392132e-01,-1.919427156901515330e-01,3.919778866798928063e-01,2.082318315541921080e-02,1.227877332008696781e-01,-3.904618859239545881e-01,1.369654548270446970e-01,-1.157192760152637480e-02,1.935262301412129515e-01,-1.450643346571683923e-01,6.506780170075355911e-03,1.491394139668391055e-03,4.400505830458403822e-02,9.941855443315072462e-04,1.485448358294113452e-02,3.198664980143218345e-02,2.506306489820028099e-03,2.341090435746817633e-02,2.051096867412950664e-02,6.357614381007284897e-03,4.073566720093418914e-02,1.739056916899710779e-03,3.015135608191016683e-02,2.182660403454659420e-02,1.737303413297491481e-02,1.324738067116798257e-01,2.685313201430592628e-02,3.814410647252037406e-02,2.785274904977383392e-01,1.005267081469923655e-02,4.280573768645072608e-02,2.419222248833996503e+00,7.295422564108409169e-01,9.842621859863492917e-01,4.775848472338590223e-01,4.921795653600804510e-01,5.155207016021103872e-01,4.759691639552702247e-01,3.361319027050638231e-01,2.958307672917621090e-01,3.782216747677785151e-01,2.968118022112725130e-01,2.944310262664585620e-01,2.540943623875138169e-01,7.849624064508778018e-03,1.849704372541845871e-03,5.918649512784184691e-02,1.208415476930939413e-03,2.162457874798875967e-02,3.263677424496237017e-02,5.385900817374189922e-03,4.295646246218417369e-02,2.708410836536040076e-02,1.020022997753521239e-02,4.319949732523682001e-02,2.075891770632505573e-03,1.098515035830050640e-02
3.657207718501702398e-02,1.299243423540235101e-02,3.122045686049257807e+00,1.109700961412299069e-01,1.614986114509509019e-01,3.562775509938458374e-01,1.549275877188719362e-02,6.208616780045352057e-02,-2.781449678949848803e+01,1.630786149433379739e+00,-2.631041385310488590e-01,-3.617839653997412808e-01,-1.404663397101606759e-01,3.546605107749388197e-01,6.748974852956667048e-02,1.414059747463868588e-01,-3.424263678103633968e-01,1.245407916042136631e-01,9.321722352989562227e-03,1.959494601251851320e-01,-1.679044010942868925e-01,8.767025035206054556e-03,1.597253168628585355e-03,4.400555998141696123e-02,1.229925823811951584e-03,1.414509358999852667e-02,3.480759971162630112e-02,2.551079429842827498e-03,2.346044653510115721e-02,1.874762931100208002e-02,6.351124115831158559e-03,3.844311219457576673e-02,1.657840005398827921e-03,2.975900508026528210e-02,1.687452768719584564e-02,1.760440328085768197e-02,1.201157238683970285e-01,2.485204907339599173e-02,3.908902721418764520e-02,2.622046444454013692e-01,1.003391276393793795e-02,3.551020408163265557e-02,3.564449005609442445e+00,6.609319317917602410e-01,9.638531038316204835e-01,4.570592621339700790e-01,4.789915531244273161e-01,5.207862209481333160e-01,4.625298889404622082e-01,3.556441122646419872e-01,3.327227717588244760e-01,3.598452697052733074e-01,3.090987666782165078e-01,3.034499380563219773e-01,2.438573298634142406e-01,1.083833045855669801e-02,1.848651642913358168e-03,5.904697922878961863e-02,1.438439809444495929e-03,2.074871147137745050e-02,3.429063080869983876e-02,5.373529370330319514e-03,4.293532079778982630e-02,2.567704335873603402e-02,1.008457093475747211e-02,4.036607584265514137e-02,1.797015216222306233e-03,1.102469405533548080e-02
3.776012107453650957e-02,1.324161072269335743e-02,3.120626589425222530e+00,1.116294021533107833e-01,1.610371975853224780e-01,3.648383369911489260e-01,1.523721988009298436e-02,6.223230032753842428e-02,-2.802899982390809797e+01,1.636326435683228331e+00,-2.567055752397408019e-01,-3.581260086018081545e-01,-7.844309226375682786e-02,3.464771543616477767e-01,3.662004295785463437e-02,1.735925015664713245e-01,-3.283367641437843765e-01,1.284577257658734706e-01,4.744913611380904145e-02,1.819767499045547299e-01,-1.839785935708034281e-01,9.302964144980160194e-03,1.668502742655750574e-03,4.229168067260394293e-02,1.323554090883344693e-03,1.242575736917380345e-02,3.224290062069527091e-02,2.750389739489100815e-03,2.510293884060305070e-02,1.973979682817108422e-02,6.589412349163586285e-03,4.000313886980134959e-02,1.723136626227000055e-03,2.969556744782482841e-02,1.733259272308184176e-02,1.830951174537554654e-02,1.224334676393266652e-01,2.566364623388655078e-02,4.031775733252385141e-02,2.739821292977158151e-01,9.584069896376263761e-03,3.724947345411578487e-02,3.673116891482176793e+00,6.886896787701146661e-01,1.005487287920304507e+00,4.652447024028922851e-01,4.481086980971550338e-01,5.438185781755723314e-01,4.661708446942077200e-01,3.480951492621759402e-01,3.341404264878285457e-01,3.776820865053347465e-01,2.850523898203493611e-01,3.135743701157948649e-01,2.423241595738920007e-01,1.121853247622726403e-02,1.933273495911417292e-03,5.898696739761759983e-02,1.485318582598455601e-03,1.944362051409695771e-02,3.189193117142658657e-02,5.624865914565508121e-03,4.494610101607447034e-02,2.678965607664867896e-02,1.059527361275028508e-02,4.201057259165937724e-02,1.870640894258424275e-03,1.148151578594523541e-02
3.629398410896707977e-02,1.289995687777184194e-02,3.117244815090651766e+00,1.132660770081926616e-01,1.645964043998194570e-01,3.454796547297482867e-01,1.590716939679456127e-02,5.878684807256236156e-02,-2.839622251370901651e+01,1.699510915694149471e+00,-2.499926526503697954e-01,-2.695360024162576917e-01,-1.276038921896371393e-02,2.688023974275460803e-01,5.647697480236220369e-02,1.775286073666489106e-01,-3.206312672029979494e-01,1.757514858584134920e-01,7.071525102336786994e-02,1.872255650059921062e-01,-1.912642965077259727e-01,9.609249040227477862e-03,1.558777706659422290e-03,4.573478100266553659e-02,1.362415723122290413e-03,1.122288976793651971e-02,2.712968845335911316e-02,2.676192273580205346e-03,2.585098698923737198e-02,2.176053870491131276e-02,6.866555017287246168e-03,4.272662518512317792e-02,1.769554036729247036e-03,3.070504875988514654e-02,1.721328721150845384e-02,1.930837935412688805e-02,1.218171767698801866e-01,2.657296041717289309e-02,3.998900644079312477e-02,2.773967435304556806e-01,9.862182771955175717e-03,3.657543477847847307e-02,3.732257116252642781e+00,6.697971772197046647e-01,1.061652812872269536e+00,3.993905956647908484e-01,4.127619192250988056e-01,5.185185133122452994e-01,4.786041933010722338e-01,3.528506106530115427e-01,3.499220683783342278e-01,3.630605931118022767e-01,2.924589528195428167e-01,3.302771991730305001e-01,2.524445812528895994e-01,1.170786898778631083e-02,1.441355395367580105e-03,6.170179826500272330e-02,1.540432847259301345e-03,1.876149462477211260e-02,2.969240049809553431e-02,5.898165926202240256e-03,4.718220014283208696e-02,2.774534951794711476e-02,1.114682613463605781e-02,4.354247312586603108e-02,1.953273830949999509e-03,1.175481746263470212e-02
3.661423706826657382e-02,9.274607776084816887e-03,3.118499677569968043e+00,1.146998934946803078e-01,1.655447901603386007e-01,3.643271226250313632e-01,1.604751427282444937e-02,6.012309685779074209e-02,-2.892636216162095764e+01,1.739110355513908246e+00,-1.264705154052485347e-01,-2.528724793950140604e-01,2.227934537989152697e-02,1.856388047963894727e-01,2.911006204104884393e-02,2.353214544202045511e-01,-3.272783348182114471e-01,1.466451994215745291e-01,8.991088529358311210e-02,1.412429127927206096e-01,-1.701133852280082293e-01,1.067112296271987767e-02,1.583831270810969307e-03,5.086657565902416578e-02,1.501317008574355261e-03,1.161821946091859750e-02,2.843483777692694045e-02,2.934448724047701226e-03,2.048527099289661896e-02,1.776909366508671456e-02,6.329754117424003616e-03,4.545326203098668666e-02,1.387353517606474199e-03,3.130702789536986275e-02,1.833334733872001368e-02,1.538740820997111861e-02,1.267931915836361390e-01,2.629394190485404709e-02,4.062142667224134807e-02,2.912806856710327130e-01,1.032317901926238166e-02,3.851394769595231637e-02,3.640745506340411719e+00,6.807901853139868287e-01,1.069763565266635297e+00,4.088013052179592099e-01,4.242670573509475518e-01,4.921996971418766686e-01,5.040548625312353259e-01,3.359531757182026568e-01,3.641112185226169640e-01,3.726436047227471016e-01,2.958937921881445443e-01,3.220148237697651461e-01,2.594450567425465870e-01,1.214505029721352214e-02,1.526052601448752311e-03,6.425737495077432637e-02,1.594869733682219640e-03,1.931536915530909088e-02,3.084330701953209505e-02,6.261596564821813801e-03,4.412287754644515780e-02,2.596504845070589720e-02,1.109527117666392511e-02,4.483000882567935580e-02,1.495244949216204726e-03,1.213434502537414153e-02
3.511161558834657165e-02,1.015112003881563085e-02,3.126167900047133852e+00,1.120092320634681893e-01,1.625501525713967388e-01,3.371172263949410164e-01,1.564193220772236784e-02,5.812547241118668634e-02,-2.908154850171002792e+01,1.680436385650458053e+00,-2.449040552173382956e-01,-2.478789592218724747e-01,5.024687577239827369e-02,1.414849548347096864e-01,1.022742406048663677e-01,2.485660368247562535e-01,-3.272071482840876455e-01,5.735549873786693897e-02,7.941551769776809822e-02,1.022444166663219051e-01,-1.957416406878857984e-01,1.182780374437371503e-02,1.548784724263653923e-03,5.638180895639195028e-02,1.689866397633765479e-03,1.303672487523829457e-02,2.971684258034154244e-02,3.319673521313030919e-03,2.075560690064695221e-02,1.268837783965191292e-02,6.659525160672750618e-03,4.142800315865698135e-02,1.281740361080084632e-03,3.181090079696231171e-02,1.795889360088621586e-02,1.641770165068792003e-02,1.226867704411318261e-01,2.466751944788381570e-02,3.999981170928971347e-02,2.878623214292500010e-01,1.065733263691228533e-02,3.911146508192354931e-02,3.903919913578834944e+00,7.027945966269107947e-01,1.034157777964314739e+00,4.281513755327939763e-01,4.362935832561143923e-01,5.149802840150157213e-01,4.840950756563736079e-01,3.234884631726456239e-01,3.758205328355342378e-01,3.103924714839152998e-01,3.054079639182705752e-01,3.242439198550717827e-01,2.549757438932430675e-01,1.274674686684153756e-02,1.455105539332750058e-03,6.750946411145608561e-02,1.647064979608520554e-03,2.051084206816596034e-02,3.220284876308158323e-02,6.684176078984395419e-03,4.612896349933223727e-02,1.821973685706569993e-02,1.176481717719225946e-02,4.347779144386793720e-02,1.228888537614048143e-03,1.254494571605830298e-02
3.096481271282633049e-02,6.835770944359253684e-03,3.108375983678464571e+00,1.115567568694268152e-01,1.656411518526256232e-01,2.827137364751160509e-01,1.514701330546198467e-02,5.414965986394558450e-02,-2.970223735369625118e+01,1.912219668288783758e+00,-2.141053681525601216e-01,-1.689492078049003310e-01,1.413487548418020101e-01,-3.233517952101604143e-02,1.239457470575539011e-01,2.639785345219303192e-01,-2.779589246161747740e-01,7.763719293987132730e-02,1.144834960889119513e-01,1.116401900330256658e-01,-1.825685147146907938e-01,1.267511883375527400e-02,1.624142358935181350e-03,6.260935719600713156e-02,1.670363355197868310e-03,1.534012293569171279e-02,3.301425036184346684e-02,3.527676279857774530e-03,6.481419145191172869e-03,1.443839498351647856e-02,7.843395147077611776e-03,4.897318922959586346e-02,1.236450667206428393e-03,3.214855524610298054e-02,1.185929952205666202e-02,1.128104408644862479e-02,1.239163709313280959e-01,2.602736007206703575e-02,4.211910080459587563e-02,2.233464290974314093e-01,1.088014621081041799e-02,3.733900073556884608e-02,3.973390135124435396e+00,4.777755506217750692e-01,1.039490054740348945e+00,4.206122695338530559e-01,4.114318956528785765e-01,3.408140550952084569e-01,4.705877399815293072e-01,3.232381401113022523e-01,3.866629331622780663e-01,3.094023527680108687e-01,2.904258947850840156e-01,3.242724246156476475e-01,2.526503691348023772e-01,1.341883426621797576e-02,1.528767164200085489e-03,7.149381446323110900e-02,1.480452747758154164e-03,2.173916347212073719e-02,3.411268754426795280e-02,7.153127883987694252e-03,1.291149894916652358e-02,1.946883438974646857e-02,1.255696036320679172e-02,4.388304874916912346e-02,1.235446093003360292e-03,1.179387966699652242e-02
3.121452894438138739e-02,2.874722054375346367e-03,3.107114567710381969e+00,1.135197094603717372e-01,1.657836547175724207e-01,3.266658113341262548e-01,1.338189138616027209e-02,5.623582766439908648e-02,-3.074906196111536616e+01,1.901219354958379792e+00,1.506296287506492526e-01,-7.297482775736051364e-02,1.833392280910158267e-01,-8.992845830353497771e-02,-1.226152764181083488e-02,2.159888924389460896e-01,-2.183494584032020236e-01,3.644886210812818550e-02,1.079373559612823719e-01,7.912219483151064492e-02,-1.824705988597794537e-01,1.449625254969686208e-02,1.570450058188082535e-03,7.629237599473501219e-02,1.697417690213632452e-03,1.126638422440253209e-02,2.219808983873696948e-02,3.361219924233342128e-03,2.974700260034940456e-03,1.626314402936332448e-02,5.132532007351854782e-03,5.603129073118536668e-02,1.344468816975456825e-03,3.401836470513504296e-02,1.308784859928539650e-02,5.188464302707898948e-03,1.274841699388258587e-01,2.331828436997072235e-02,3.895809582913092178e-02,2.284633642200381842e-01,1.081395088189576401e-02,4.135199020428069472e-02,3.748342826728888966e+00,4.847993956718262276e-01,8.111853179909866984e-01,4.111238626085365055e-01,4.214262562194864836e-01,3.123836428814619204e-01,3.989404429012017306e-01,2.963463195902834024e-01,3.859464830739183228e-01,3.206596718306745086e-01,3.107591221054994413e-01,3.287486740313849687e-01,2.701506091185846836e-01,1.417320104539966305e-02,1.554010957093622004e-03,7.378934914771047293e-02,1.424645696962735129e-03,2.063735934949614825e-02,2.342964621148125454e-02,7.307195246151276281e-03,2.712145951874198827e-03,2.129736048793826747e-02,1.002603461527997938e-02,4.526380710905539284e-02,1.339782880051590928e-03,1.197050045707654872e-02
3.238743851683692498e-02,8.129140118965937122e-04,3.097198451047060708e+00,1.208837560704018321e-01,1.723665057447774096e-01,3.721279107255131557e-01,1.260572906837696336e-02,5.684051398337112287e-02,-3.224095021533722161e+01,1.884071738054991840e+00,3.439696489885399888e-01,-1.575399263332488975e-01,3.037814609957422141e-01,-9.577725640870511647e-02,-1.024096492536410441e-01,2.328799720590331856e-01,-1.619986962889126414e-01,-5.607692415575440958e-02,3.408210389236015353e-02,4.878531953973785917e-02,-2.414331950570801910e-01,1.795174003372422902e-02,1.859958877791578237e-03,9.815549026738604188e-02,1.646290852259749441e-03,3.856920312423017371e-03,2.586825220075598952e-02,8.630558794826427961e-04,2.961637828820481034e-03,9.582288488795323231e-03,2.089766472943744777e-03,5.103651520388675922e-02,1.566552078935025101e-03,3.599819893339607779e-02,1.438675853905831484e-02,1.001057652023124587e-03,1.364650293796440816e-01,1.774969126597364388e-02,3.735800914614680057e-02,2.352627061560484401e-01,1.081664768505676520e-02,4.773384763068195397e-02,3.090471286585628086e+00,5.114467124570092338e-01,5.633782201332324657e-01,3.182884446116706068e-01,3.611322167850841702e-01,2.889189891251904285e-01,3.540561986519066284e-01,3.162730796744302464e-01,4.151401760298704113e-01,3.054905361672347608e-01,3.156473142163055412e-01,3.700014284071682091e-01,2.862266057047460621e-01,1.481724028942447632e-02,1.694782724850495310e-03,7.305684865545303275e-02,1.614902556848750361e-03,3.806128309911893225e-03,2.600900400722536490e-02,9.029914227071006742e-04,2.888963923643747024e-03,8.844731043302861070e-03,3.141633358650773155e-03,4.101120985702545740e-02,1.465451872755243069e-03,1.251862867975488125e-02
2.667423382519863370e-02,2.786052274319734479e-04,3.044481563139096902e+00,1.242906686630026042e-01,1.925331023134414232e-01,2.305933787398520285e-01,1.420503019431891556e-02,3.287981859410431251e-02,-3.403191062939215783e+01,2.098791292581696943e+00,1.704258513351172843e-01,5.632806513516068828e-03,2.635172478410059416e-01,-1.574380589829308119e-01,5.113751841464788533e-02,2.942417143377613065e-01,4.152482234033359754e-02,5.632567323732677600e-02,-1.693189323771104871e-02,-5.482950171328992983e-03,-2.672190197545051271e-01,2.379035427945708214e-02,1.079473895647873206e-03,8.405019283393180829e-02,1.927417034945901704e-03,4.912156036172206711e-03,3.155614343444110986e-02,6.125913759064606934e-04,2.120802208971665683e-03,1.175065407310768063e-02,2.620718385192287968e-03,5.773608005660028908e-02,1.827332648398509451e-03,3.464703894938938461e-02,1.230128844598531689e-02,5.184185188322953594e-04,1.187549465767943763e-01,1.740640332368595042e-02,2.195583642429818974e-02,7.428806136409336902e-02,1.264859634764495082e-02,1.639096632063601067e-02,2.089501465840734262e+00,3.443378957985201438e-01,5.899577420405641703e-01,1.623685847827789908e-01,2.263209628065376566e-01,2.489267476658071354e-01,3.324181661416146238e-01,3.167621713829253949e-01,3.308657240390847631e-01,2.534141971535623372e-01,3.425541903344705985e-01,3.812914265561816451e-01,3.047626931956490814e-01,1.474837427341560946e-02,9.708426250022222578e-04,7.827814659439819023e-02,1.802533006374699640e-03,4.255004528806380359e-03,2.991292682319241295e-02,6.113144300376481327e-04,1.911006543503054661e-03,9.892539463293579388e-03,3.718111554386202815e-03,3.862133893449593708e-02,1.678004824108451053e-03,1.418425585337046782e-02
3.586833144154370073e-02,4.934380525356275725e-06,2.997795613843045714e+00,1.309472120894056013e-01,2.016344874079552818e-01,2.620180383040165983e-01,1.054053461873535533e-02,4.625850340136054839e-02,-3.577540820047549630e+01,2.029177923334740896e+00,-2.597821069887228940e-01,3.319670320060878060e-02,1.375829712970700336e-01,-2.389413592515527915e-02,2.754498023234994708e-01,3.620545817958690793e-01,1.571354292311211709e-01,1.909851475965557710e-01,2.425143350331331327e-01,2.236453804138322232e-01,-9.979956386493731013e-02,2.748240562342442114e-02,1.442719536745886095e-03,2.391601634861973552e-02,3.186689760625086715e-03,7.957692829702892046e-03,5.126725761603371373e-02,9.175021985868815838e-04,3.215123099407918815e-03,1.870035105792110935e-02,4.514534232510457670e-03,6.992586515516811818e-02,1.889012383387933839e-03,2.425816930635299115e-02,9.884922159853459442e-03,1.970374418703595084e-06,8.471375266221255196e-02,1.317283586076834975e-02,1.196650852996952730e-02,7.791261575221904156e-02,4.013278115049874473e-03,9.249922020122964758e-03,3.434421120999558985e-01,3.036350955601820334e-01,2.697427382818048947e-01,2.220695090493669532e-01,1.439377664552974889e-01,2.421273172202888235e-01,3.154032267279531787e-01,3.286544637465591556e-01,2.842321863774042168e-01,1.600797738865306907e-01,2.116651159392606563e-01,2.859402397824442610e-01,2.602807304823961942e-01,1.336603094565514370e-02,1.169050944309750874e-03,1.160847800099259509e-02,1.643033023556002324e-03,3.930054358879587172e-03,3.135276675449608086e-02,6.462651339858383002e-04,2.148919240203709356e-03,9.405066338885628013e-03,4.448454467931480145e-03,2.041208925067762581e-02,1.483017587731976037e-03,4.594334964949690729e-03
